 5.28217E+02
 5.28301E+02
 5.28385E+02
 5.28470E+02
 5.28554E+02
 5.28638E+02
 5.28723E+02
 5.28807E+02
 5.28892E+02
 5.28976E+02
 5.29060E+02
 5.29145E+02
 5.29229E+02
 5.29313E+02
 5.29398E+02
 5.29482E+02
 5.29566E+02
 5.29651E+02
 5.29735E+02
 5.29819E+02
 5.29904E+02
 5.29988E+02
 5.30073E+02
 5.30157E+02
 5.30241E+02
 5.30326E+02
 5.30410E+02
 5.30494E+02
 5.30579E+02
 5.30663E+02
 5.30747E+02
 5.30832E+02
 5.30916E+02
 5.31000E+02
 5.31085E+02
 5.31169E+02
 5.31253E+02
 5.31338E+02
 5.31422E+02
 5.31506E+02
 5.31591E+02
 5.31675E+02
 5.31759E+02
 5.31844E+02
 5.31928E+02
 5.32012E+02
 5.32097E+02
 5.32181E+02
 5.32265E+02
 5.32350E+02
 5.32434E+02
 5.32518E+02
 5.32602E+02
 5.32687E+02
 5.32771E+02
 5.32855E+02
 5.32940E+02
 5.33024E+02
 5.33108E+02
 5.33193E+02
 5.33277E+02
 5.33361E+02
 5.33446E+02
 5.33530E+02
 5.33614E+02
 5.33698E+02
 5.33783E+02
 5.33867E+02
 5.33951E+02
 5.34036E+02
 5.34120E+02
 5.34204E+02
 5.34288E+02
 5.34373E+02
 5.34457E+02
 5.34541E+02
 5.34626E+02
 5.34710E+02
 5.34794E+02
 5.34878E+02
 5.34963E+02
 5.35047E+02
 5.35131E+02
 5.35216E+02
 5.35300E+02
 5.35384E+02
 5.35468E+02
 5.35553E+02
 5.35637E+02
 5.35721E+02
 5.35805E+02
 5.35890E+02
 5.35974E+02
 5.36058E+02
 5.36142E+02
 5.36227E+02
 5.36311E+02
 5.36395E+02
 5.36479E+02
 5.36564E+02
 5.36648E+02
 5.36732E+02
 5.36816E+02
 5.36901E+02
 5.36985E+02
 5.37069E+02
 5.37153E+02
 5.37238E+02
 5.37322E+02
 5.37406E+02
 5.37490E+02
 5.37575E+02
 5.37659E+02
 5.37743E+02
 5.37827E+02
 5.37912E+02
 5.37996E+02
 5.38080E+02
 5.38164E+02
 5.38249E+02
 5.38333E+02
 5.38417E+02
 5.38501E+02
 5.38585E+02
 5.38670E+02
 5.38754E+02
 5.38838E+02
 5.38922E+02
 5.39007E+02
 5.39091E+02
 5.39175E+02
 5.39259E+02
 5.39343E+02
 5.39428E+02
 5.39512E+02
 5.39596E+02
 5.39680E+02
 5.39764E+02
 5.39849E+02
 5.39933E+02
 5.40017E+02
 5.40101E+02
 5.40185E+02
 5.40270E+02
 5.40354E+02
 5.40438E+02
 5.40522E+02
 5.40606E+02
 5.40691E+02
 5.40775E+02
 5.40859E+02
 5.40943E+02
 5.41027E+02
 5.41112E+02
 5.41196E+02
 5.41280E+02
 5.41364E+02
 5.41448E+02
 5.41532E+02
 5.41617E+02
 5.41701E+02
 5.41785E+02
 5.41869E+02
 5.41953E+02
 5.42037E+02
 5.42122E+02
 5.42206E+02
 5.42290E+02
 5.42374E+02
 5.42458E+02
 5.42542E+02
 5.42627E+02
 5.42711E+02
 5.42795E+02
 5.42879E+02
 5.42963E+02
 5.43047E+02
 5.43132E+02
 5.43216E+02
 5.43300E+02
 5.43384E+02
 5.43468E+02
 5.43552E+02
 5.43636E+02
 5.43721E+02
 5.43805E+02
 5.43889E+02
 5.43973E+02
 5.44057E+02
 5.44141E+02
 5.44225E+02
 5.44310E+02
 5.44394E+02
 5.44478E+02
 5.44562E+02
 5.44646E+02
 5.44730E+02
 5.44814E+02
 5.44898E+02
 5.44983E+02
 5.45067E+02
 5.45151E+02
 5.45235E+02
 5.45319E+02
 5.45403E+02
 5.45487E+02
 5.45571E+02
 5.45655E+02
 5.45740E+02
 5.45824E+02
 5.45908E+02
 5.45992E+02
 5.46076E+02
 5.46160E+02
 5.46244E+02
 5.46328E+02
 5.46412E+02
 5.46497E+02
 5.46581E+02
 5.46665E+02
 5.46749E+02
 5.46833E+02
 5.46917E+02
 5.47001E+02
 5.47085E+02
 5.47169E+02
 5.47253E+02
 5.47337E+02
 5.47422E+02
 5.47506E+02
 5.47590E+02
 5.47674E+02
 5.47758E+02
 5.47842E+02
 5.47926E+02
 5.48010E+02
 5.48094E+02
 5.48178E+02
 5.48262E+02
 5.48346E+02
 5.48430E+02
 5.48514E+02
 5.48599E+02
 5.48683E+02
 5.48767E+02
 5.48851E+02
 5.48935E+02
 5.49019E+02
 5.49103E+02
 5.49187E+02
 5.49271E+02
 5.49355E+02
 5.49439E+02
 5.49523E+02
 5.49607E+02
 5.49691E+02
 5.49775E+02
 5.49859E+02
 5.49943E+02
 5.50027E+02
 5.50111E+02
 5.50196E+02
 5.50280E+02
 5.50364E+02
 5.50448E+02
 5.50532E+02
 5.50616E+02
 5.50700E+02
 5.50784E+02
 5.50868E+02
 5.50952E+02
 5.51036E+02
 5.51120E+02
 5.51204E+02
 5.51288E+02
 5.51372E+02
 5.51456E+02
 5.51540E+02
 5.51624E+02
 5.51708E+02
 5.51792E+02
 5.51876E+02
 5.51960E+02
 5.52044E+02
 5.52128E+02
 5.52212E+02
 5.52296E+02
 5.52380E+02
 5.52464E+02
 5.52548E+02
 5.52632E+02
 5.52716E+02
 5.52800E+02
 5.52884E+02
 5.52968E+02
 5.53052E+02
 5.53136E+02
 5.53220E+02
 5.53304E+02
 5.53388E+02
 5.53472E+02
 5.53556E+02
 5.53640E+02
 5.53724E+02
 5.53808E+02
 5.53892E+02
 5.53976E+02
 5.54060E+02
 5.54144E+02
 5.54228E+02
 5.54312E+02
 5.54396E+02
 5.54480E+02
 5.54564E+02
 5.54648E+02
 5.54731E+02
 5.54815E+02
 5.54899E+02
 5.54983E+02
 5.55067E+02
 5.55151E+02
 5.55235E+02
 5.55319E+02
 5.55403E+02
 5.55487E+02
 5.55571E+02
 5.55655E+02
 5.55739E+02
 5.55823E+02
 5.55907E+02
 5.55991E+02
 5.56075E+02
 5.56159E+02
 5.56243E+02
 5.56326E+02
 5.56410E+02
 5.56494E+02
 5.56578E+02
 5.56662E+02
 5.56746E+02
 5.56830E+02
 5.56914E+02
 5.56998E+02
 5.57082E+02
 5.57166E+02
 5.57250E+02
 5.57334E+02
 5.57417E+02
 5.57501E+02
 5.57585E+02
 5.57669E+02
 5.57753E+02
 5.57837E+02
 5.57921E+02
 5.58005E+02
 5.58089E+02
 5.58173E+02
 5.58257E+02
 5.58340E+02
 5.58424E+02
 5.58508E+02
 5.58592E+02
 5.58676E+02
 5.58760E+02
 5.58844E+02
 5.58928E+02
 5.59012E+02
 5.59095E+02
 5.59179E+02
 5.59263E+02
 5.59347E+02
 5.59431E+02
 5.59515E+02
 5.59599E+02
 5.59683E+02
 5.59767E+02
 5.59850E+02
 5.59934E+02
 5.60018E+02
 5.60102E+02
 5.60186E+02
 5.60270E+02
 5.60354E+02
 5.60437E+02
 5.60521E+02
 5.60605E+02
 5.60689E+02
 5.60773E+02
 5.60857E+02
 5.60941E+02
 5.61024E+02
 5.61108E+02
 5.61192E+02
 5.61276E+02
 5.61360E+02
 5.61444E+02
 5.61528E+02
 5.61611E+02
 5.61695E+02
 5.61779E+02
 5.61863E+02
 5.61947E+02
 5.62031E+02
 5.62114E+02
 5.62198E+02
 5.62282E+02
 5.62366E+02
 5.62450E+02
 5.62534E+02
 5.62617E+02
 5.62701E+02
 5.62785E+02
 5.62869E+02
 5.62953E+02
 5.63036E+02
 5.63120E+02
 5.63204E+02
 5.63288E+02
 5.63372E+02
 5.63456E+02
 5.63539E+02
 5.63623E+02
 5.63707E+02
 5.63791E+02
 5.63875E+02
 5.63958E+02
 5.64042E+02
 5.64126E+02
 5.64210E+02
 5.64294E+02
 5.64377E+02
 5.64461E+02
 5.64545E+02
 5.64629E+02
 5.64712E+02
 5.64796E+02
 5.64880E+02
 5.64964E+02
 5.65048E+02
 5.65131E+02
 5.65215E+02
 5.65299E+02
 5.65383E+02
 5.65466E+02
 5.65550E+02
 5.65634E+02
 5.65718E+02
 5.65802E+02
 5.65885E+02
 5.65969E+02
 5.66053E+02
 5.66137E+02
 5.66220E+02
 5.66304E+02
 5.66388E+02
 5.66472E+02
 5.66555E+02
 5.66639E+02
 5.66723E+02
 5.66807E+02
 5.66890E+02
 5.66974E+02
 5.67058E+02
 5.67142E+02
 5.67225E+02
 5.67309E+02
 5.67393E+02
 5.67477E+02
 5.67560E+02
 5.67644E+02
 5.67728E+02
 5.67811E+02
 5.67895E+02
 5.67979E+02
 5.68063E+02
 5.68146E+02
 5.68230E+02
 5.68314E+02
 5.68398E+02
 5.68481E+02
 5.68565E+02
 5.68649E+02
 5.68732E+02
 5.68816E+02
 5.68900E+02
 5.68984E+02
 5.69067E+02
 5.69151E+02
 5.69235E+02
 5.69318E+02
 5.69402E+02
 5.69486E+02
 5.69569E+02
 5.69653E+02
 5.69737E+02
 5.69821E+02
 5.69904E+02
 5.69988E+02
 5.70072E+02
 5.70155E+02
 5.70239E+02
 5.70323E+02
 5.70406E+02
 5.70490E+02
 5.70574E+02
 5.70657E+02
 5.70741E+02
 5.70825E+02
 5.70908E+02
 5.70992E+02
 5.71076E+02
 5.71159E+02
 5.71243E+02
 5.71327E+02
 5.71410E+02
 5.71494E+02
 5.71578E+02
 5.71661E+02
 5.71745E+02
 5.71829E+02
 5.71912E+02
 5.71996E+02
 5.72080E+02
 5.72163E+02
 5.72247E+02
 5.72331E+02
 5.72414E+02
 5.72498E+02
 5.72581E+02
 5.72665E+02
 5.72749E+02
 5.72832E+02
 5.72916E+02
 5.73000E+02
 5.73083E+02
 5.73167E+02
 5.73250E+02
 5.73334E+02
 5.73418E+02
 5.73501E+02
 5.73585E+02
 5.73669E+02
 5.73752E+02
 5.73836E+02
 5.73919E+02
 5.74003E+02
 5.74087E+02
 5.74170E+02
 5.74254E+02
 5.74337E+02
 5.74421E+02
 5.74505E+02
 5.74588E+02
 5.74672E+02
 5.74755E+02
 5.74839E+02
 5.74923E+02
 5.75006E+02
 5.75090E+02
 5.75173E+02
 5.75257E+02
 5.75341E+02
 5.75424E+02
 5.75508E+02
 5.75591E+02
 5.75675E+02
 5.75759E+02
 5.75842E+02
 5.75926E+02
 5.76009E+02
 5.76093E+02
 5.76176E+02
 5.76260E+02
 5.76344E+02
 5.76427E+02
 5.76511E+02
 5.76594E+02
 5.76678E+02
 5.76761E+02
 5.76845E+02
 5.76928E+02
 5.77012E+02
 5.77096E+02
 5.77179E+02
 5.77263E+02
 5.77346E+02
 5.77430E+02
 5.77513E+02
 5.77597E+02
 5.77680E+02
 5.77764E+02
 5.77847E+02
 5.77931E+02
 5.78015E+02
 5.78098E+02
 5.78182E+02
 5.78265E+02
 5.78349E+02
 5.78432E+02
 5.78516E+02
 5.78599E+02
 5.78683E+02
 5.78766E+02
 5.78850E+02
 5.78933E+02
 5.79017E+02
 5.79100E+02
 5.79184E+02
 5.79267E+02
 5.79351E+02
 5.79434E+02
 5.79518E+02
 5.79601E+02
 5.79685E+02
 5.79768E+02
 5.79852E+02
 5.79935E+02
 5.80019E+02
 5.80102E+02
 5.80186E+02
 5.80269E+02
 5.80353E+02
 5.80436E+02
 5.80520E+02
 5.80603E+02
 5.80687E+02
 5.80770E+02
 5.80854E+02
 5.80937E+02
 5.81021E+02
 5.81104E+02
 5.81188E+02
 5.81271E+02
 5.81355E+02
 5.81438E+02
 5.81521E+02
 5.81605E+02
 5.81688E+02
 5.81772E+02
 5.81855E+02
 5.81939E+02
 5.82022E+02
 5.82106E+02
 5.82189E+02
 5.82273E+02
 5.82356E+02
 5.82439E+02
 5.82523E+02
 5.82606E+02
 5.82690E+02
 5.82773E+02
 5.82857E+02
 5.82940E+02
 5.83024E+02
 5.83107E+02
 5.83190E+02
 5.83274E+02
 5.83357E+02
 5.83441E+02
 5.83524E+02
 5.83608E+02
 5.83691E+02
 5.83774E+02
 5.83858E+02
 5.83941E+02
 5.84025E+02
 5.84108E+02
 5.84191E+02
 5.84275E+02
 5.84358E+02
 5.84442E+02
 5.84525E+02
 5.84608E+02
 5.84692E+02
 5.84775E+02
 5.84859E+02
 5.84942E+02
 5.85025E+02
 5.85109E+02
 5.85192E+02
 5.85276E+02
 5.85359E+02
 5.85442E+02
 5.85526E+02
 5.85609E+02
 5.85693E+02
 5.85776E+02
 5.85859E+02
 5.85943E+02
 5.86026E+02
 5.86109E+02
 5.86193E+02
 5.86276E+02
 5.86359E+02
 5.86443E+02
 5.86526E+02
 5.86610E+02
 5.86693E+02
 5.86776E+02
 5.86860E+02
 5.86943E+02
 5.87026E+02
 5.87110E+02
 5.87193E+02
 5.87276E+02
 5.87360E+02
 5.87443E+02
 5.87526E+02
 5.87610E+02
 5.87693E+02
 5.87776E+02
 5.87860E+02
 5.87943E+02
 5.88026E+02
 5.88110E+02
 5.88193E+02
 5.88276E+02
 5.88360E+02
 5.88443E+02
 5.88526E+02
 5.88610E+02
 5.88693E+02
 5.88776E+02
 5.88860E+02
 5.88943E+02
 5.89026E+02
 5.89110E+02
 5.89193E+02
 5.89276E+02
 5.89360E+02
 5.89443E+02
 5.89526E+02
 5.89609E+02
 5.89693E+02
 5.89776E+02
 5.89859E+02
 5.89943E+02
 5.90026E+02
 5.90109E+02
 5.90192E+02
 5.90276E+02
 5.90359E+02
 5.90442E+02
 5.90526E+02
 5.90609E+02
 5.90692E+02
 5.90775E+02
 5.90859E+02
 5.90942E+02
 5.91025E+02
 5.91108E+02
 5.91192E+02
 5.91275E+02
 5.91358E+02
 5.91442E+02
 5.91525E+02
 5.91608E+02
 5.91691E+02
 5.91775E+02
 5.91858E+02
 5.91941E+02
 5.92024E+02
 5.92108E+02
 5.92191E+02
 5.92274E+02
 5.92357E+02
 5.92440E+02
 5.92524E+02
 5.92607E+02
 5.92690E+02
 5.92773E+02
 5.92857E+02
 5.92940E+02
 5.93023E+02
 5.93106E+02
 5.93190E+02
 5.93273E+02
 5.93356E+02
 5.93439E+02
 5.93522E+02
 5.93606E+02
 5.93689E+02
 5.93772E+02
 5.93855E+02
 5.93938E+02
 5.94022E+02
 5.94105E+02
 5.94188E+02
 5.94271E+02
 5.94354E+02
 5.94438E+02
 5.94521E+02
 5.94604E+02
 5.94687E+02
 5.94770E+02
 5.94854E+02
 5.94937E+02
 5.95020E+02
 5.95103E+02
 5.95186E+02
 5.95270E+02
 5.95353E+02
 5.95436E+02
 5.95519E+02
 5.95602E+02
 5.95685E+02
 5.95769E+02
 5.95852E+02
 5.95935E+02
 5.96018E+02
 5.96101E+02
 5.96184E+02
 5.96268E+02
 5.96351E+02
 5.96434E+02
 5.96517E+02
 5.96600E+02
 5.96683E+02
 5.96766E+02
 5.96850E+02
 5.96933E+02
 5.97016E+02
 5.97099E+02
 5.97182E+02
 5.97265E+02
 5.97348E+02
 5.97432E+02
 5.97515E+02
 5.97598E+02
 5.97681E+02
 5.97764E+02
 5.97847E+02
 5.97930E+02
 5.98013E+02
 5.98096E+02
 5.98180E+02
 5.98263E+02
 5.98346E+02
 5.98429E+02
 5.98512E+02
 5.98595E+02
 5.98678E+02
 5.98761E+02
 5.98844E+02
 5.98928E+02
 5.99011E+02
 5.99094E+02
 5.99177E+02
 5.99260E+02
 5.99343E+02
 5.99426E+02
 5.99509E+02
 5.99592E+02
 5.99675E+02
 5.99758E+02
 5.99842E+02
 5.99925E+02
 6.00008E+02
 6.00091E+02
 6.00174E+02
 6.00257E+02
 6.00340E+02
 6.00423E+02
 6.00506E+02
 6.00589E+02
 6.00672E+02
 6.00755E+02
 6.00838E+02
 6.00921E+02
 6.01004E+02
 6.01087E+02
 6.01170E+02
 6.01254E+02
 6.01337E+02
 6.01420E+02
 6.01503E+02
 6.01586E+02
 6.01669E+02
 6.01752E+02
 6.01835E+02
 6.01918E+02
 6.02001E+02
 6.02084E+02
 6.02167E+02
 6.02250E+02
 6.02333E+02
 6.02416E+02
 6.02499E+02
 6.02582E+02
 6.02665E+02
 6.02748E+02
 6.02831E+02
 6.02914E+02
 6.02997E+02
 6.03080E+02
 6.03163E+02
 6.03246E+02
 6.03329E+02
 6.03412E+02
 6.03495E+02
 6.03578E+02
 6.03661E+02
 6.03744E+02
 6.03827E+02
 6.03910E+02
 6.03993E+02
 6.04076E+02
 6.04159E+02
 6.04242E+02
 6.04325E+02
 6.04408E+02
 6.04491E+02
 6.04574E+02
 6.04657E+02
 6.04740E+02
 6.04823E+02
 6.04906E+02
 6.04989E+02
 6.05072E+02
 6.05155E+02
 6.05238E+02
 6.05321E+02
 6.05403E+02
 6.05486E+02
 6.05569E+02
 6.05652E+02
 6.05735E+02
 6.05818E+02
 6.05901E+02
 6.05984E+02
 6.06067E+02
 6.06150E+02
 6.06233E+02
 6.06316E+02
 6.06399E+02
 6.06482E+02
 6.06565E+02
 6.06648E+02
 6.06730E+02
 6.06813E+02
 6.06896E+02
 6.06979E+02
 6.07062E+02
 6.07145E+02
 6.07228E+02
 6.07311E+02
 6.07394E+02
 6.07477E+02
 6.07560E+02
 6.07642E+02
 6.07725E+02
 6.07808E+02
 6.07891E+02
 6.07974E+02
 6.08057E+02
 6.08140E+02
 6.08223E+02
 6.08306E+02
 6.08388E+02
 6.08471E+02
 6.08554E+02
 6.08637E+02
 6.08720E+02
 6.08803E+02
 6.08886E+02
 6.08969E+02
 6.09051E+02
 6.09134E+02
 6.09217E+02
 6.09300E+02
 6.09383E+02
 6.09466E+02
 6.09549E+02
 6.09632E+02
 6.09714E+02
 6.09797E+02
 6.09880E+02
 6.09963E+02
 6.10046E+02
 6.10129E+02
 6.10211E+02
 6.10294E+02
 6.10377E+02
 6.10460E+02
 6.10543E+02
 6.10626E+02
 6.10708E+02
 6.10791E+02
 6.10874E+02
 6.10957E+02
 6.11040E+02
 6.11123E+02
 6.11205E+02
 6.11288E+02
 6.11371E+02
 6.11454E+02
 6.11537E+02
 6.11619E+02
 6.11702E+02
 6.11785E+02
 6.11868E+02
 6.11951E+02
 6.12033E+02
 6.12116E+02
 6.12199E+02
 6.12282E+02
 6.12365E+02
 6.12447E+02
 6.12530E+02
 6.12613E+02
 6.12696E+02
 6.12779E+02
 6.12861E+02
 6.12944E+02
 6.13027E+02
 6.13110E+02
 6.13192E+02
 6.13275E+02
 6.13358E+02
 6.13441E+02
 6.13524E+02
 6.13606E+02
 6.13689E+02
 6.13772E+02
 6.13855E+02
 6.13937E+02
 6.14020E+02
 6.14103E+02
 6.14186E+02
 6.14268E+02
 6.14351E+02
 6.14434E+02
 6.14517E+02
 6.14599E+02
 6.14682E+02
 6.14765E+02
 6.14847E+02
 6.14930E+02
 6.15013E+02
 6.15096E+02
 6.15178E+02
 6.15261E+02
 6.15344E+02
 6.15427E+02
 6.15509E+02
 6.15592E+02
 6.15675E+02
 6.15757E+02
 6.15840E+02
 6.15923E+02
 6.16006E+02
 6.16088E+02
 6.16171E+02
 6.16254E+02
 6.16336E+02
 6.16419E+02
 6.16502E+02
 6.16584E+02
 6.16667E+02
 6.16750E+02
 6.16832E+02
 6.16915E+02
 6.16998E+02
 6.17081E+02
 6.17163E+02
 6.17246E+02
 6.17329E+02
 6.17411E+02
 6.17494E+02
 6.17577E+02
 6.17659E+02
 6.17742E+02
 6.17825E+02
 6.17907E+02
 6.17990E+02
 6.18072E+02
 6.18155E+02
 6.18238E+02
 6.18320E+02
 6.18403E+02
 6.18486E+02
 6.18568E+02
 6.18651E+02
 6.18734E+02
 6.18816E+02
 6.18899E+02
 6.18982E+02
 6.19064E+02
 6.19147E+02
 6.19229E+02
 6.19312E+02
 6.19395E+02
 6.19477E+02
 6.19560E+02
 6.19643E+02
 6.19725E+02
 6.19808E+02
 6.19890E+02
 6.19973E+02
 6.20056E+02
 6.20138E+02
 6.20221E+02
 6.20303E+02
 6.20386E+02
 6.20469E+02
 6.20551E+02
 6.20634E+02
 6.20716E+02
 6.20799E+02
 6.20882E+02
 6.20964E+02
 6.21047E+02
 6.21129E+02
 6.21212E+02
 6.21294E+02
 6.21377E+02
 6.21460E+02
 6.21542E+02
 6.21625E+02
 6.21707E+02
 6.21790E+02
 6.21872E+02
 6.21955E+02
 6.22038E+02
 6.22120E+02
 6.22203E+02
 6.22285E+02
 6.22368E+02
 6.22450E+02
 6.22533E+02
 6.22615E+02
 6.22698E+02
 6.22780E+02
 6.22863E+02
 6.22946E+02
 6.23028E+02
 6.23111E+02
 6.23193E+02
 6.23276E+02
 6.23358E+02
 6.23441E+02
 6.23523E+02
 6.23606E+02
 6.23688E+02
 6.23771E+02
 6.23853E+02
 6.23936E+02
 6.24018E+02
 6.24101E+02
 6.24183E+02
 6.24266E+02
 6.24348E+02
 6.24431E+02
 6.24513E+02
 6.24596E+02
 6.24678E+02
 6.24761E+02
 6.24843E+02
 6.24926E+02
 6.25008E+02
 6.25091E+02
 6.25173E+02
 6.25256E+02
 6.25338E+02
 6.25421E+02
 6.25503E+02
 6.25586E+02
 6.25668E+02
 6.25751E+02
 6.25833E+02
 6.25915E+02
 6.25998E+02
 6.26080E+02
 6.26163E+02
 6.26245E+02
 6.26328E+02
 6.26410E+02
 6.26493E+02
 6.26575E+02
 6.26658E+02
 6.26740E+02
 6.26822E+02
 6.26905E+02
 6.26987E+02
 6.27070E+02
 6.27152E+02
 6.27235E+02
 6.27317E+02
 6.27399E+02
 6.27482E+02
 6.27564E+02
 6.27647E+02
 6.27729E+02
 6.27811E+02
 6.27894E+02
 6.27976E+02
 6.28059E+02
 6.28141E+02
 6.28224E+02
 6.28306E+02
 6.28388E+02
 6.28471E+02
 6.28553E+02
 6.28636E+02
 6.28718E+02
 6.28800E+02
 6.28883E+02
 6.28965E+02
 6.29047E+02
 6.29130E+02
 6.29212E+02
 6.29295E+02
 6.29377E+02
 6.29459E+02
 6.29542E+02
 6.29624E+02
 6.29706E+02
 6.29789E+02
 6.29871E+02
 6.29954E+02
 6.30036E+02
 6.30118E+02
 6.30201E+02
 6.30283E+02
 6.30365E+02
 6.30448E+02
 6.30530E+02
 6.30612E+02
 6.30695E+02
 6.30777E+02
 6.30859E+02
 6.30942E+02
 6.31024E+02
 6.31106E+02
 6.31189E+02
 6.31271E+02
 6.31353E+02
 6.31436E+02
 6.31518E+02
 6.31600E+02
 6.31683E+02
 6.31765E+02
 6.31847E+02
 6.31929E+02
 6.32012E+02
 6.32094E+02
 6.32176E+02
 6.32259E+02
 6.32341E+02
 6.32423E+02
 6.32506E+02
 6.32588E+02
 6.32670E+02
 6.32752E+02
 6.32835E+02
 6.32917E+02
 6.32999E+02
 6.33082E+02
 6.33164E+02
 6.33246E+02
 6.33328E+02
 6.33411E+02
 6.33493E+02
 6.33575E+02
 6.33657E+02
 6.33740E+02
 6.33822E+02
 6.33904E+02
 6.33987E+02
 6.34069E+02
 6.34151E+02
 6.34233E+02
 6.34316E+02
 6.34398E+02
 6.34480E+02
 6.34562E+02
 6.34644E+02
 6.34727E+02
 6.34809E+02
 6.34891E+02
 6.34973E+02
 6.35056E+02
 6.35138E+02
 6.35220E+02
 6.35302E+02
 6.35385E+02
 6.35467E+02
 6.35549E+02
 6.35631E+02
 6.35713E+02
 6.35796E+02
 6.35878E+02
 6.35960E+02
 6.36042E+02
 6.36124E+02
 6.36207E+02
 6.36289E+02
 6.36371E+02
 6.36453E+02
 6.36535E+02
 6.36618E+02
 6.36700E+02
 6.36782E+02
 6.36864E+02
 6.36946E+02
 6.37028E+02
 6.37111E+02
 6.37193E+02
 6.37275E+02
 6.37357E+02
 6.37439E+02
 6.37521E+02
 6.37604E+02
 6.37686E+02
 6.37768E+02
 6.37850E+02
 6.37932E+02
 6.38014E+02
 6.38097E+02
 6.38179E+02
 6.38261E+02
 6.38343E+02
 6.38425E+02
 6.38507E+02
 6.38589E+02
 6.38671E+02
 6.38754E+02
 6.38836E+02
 6.38918E+02
 6.39000E+02
 6.39082E+02
 6.39164E+02
 6.39246E+02
 6.39328E+02
 6.39411E+02
 6.39493E+02
 6.39575E+02
 6.39657E+02
 6.39739E+02
 6.39821E+02
 6.39903E+02
 6.39985E+02
 6.40067E+02
 6.40149E+02
 6.40232E+02
 6.40314E+02
 6.40396E+02
 6.40478E+02
 6.40560E+02
 6.40642E+02
 6.40724E+02
 6.40806E+02
 6.40888E+02
 6.40970E+02
 6.41052E+02
 6.41134E+02
 6.41216E+02
 6.41299E+02
 6.41381E+02
 6.41463E+02
 6.41545E+02
 6.41627E+02
 6.41709E+02
 6.41791E+02
 6.41873E+02
 6.41955E+02
 6.42037E+02
 6.42119E+02
 6.42201E+02
 6.42283E+02
 6.42365E+02
 6.42447E+02
 6.42529E+02
 6.42611E+02
 6.42693E+02
 6.42775E+02
 6.42857E+02
 6.42939E+02
 6.43021E+02
 6.43103E+02
 6.43185E+02
 6.43267E+02
 6.43349E+02
 6.43431E+02
 6.43513E+02
 6.43595E+02
 6.43677E+02
 6.43759E+02
 6.43841E+02
 6.43923E+02
 6.44005E+02
 6.44087E+02
 6.44169E+02
 6.44251E+02
 6.44333E+02
 6.44415E+02
 6.44497E+02
 6.44579E+02
 6.44661E+02
 6.44743E+02
 6.44825E+02
 6.44907E+02
 6.44989E+02
 6.45071E+02
 6.45153E+02
 6.45235E+02
 6.45317E+02
 6.45399E+02
 6.45481E+02
 6.45563E+02
 6.45645E+02
 6.45727E+02
 6.45808E+02
 6.45890E+02
 6.45972E+02
 6.46054E+02
 6.46136E+02
 6.46218E+02
 6.46300E+02
 6.46382E+02
 6.46464E+02
 6.46546E+02
 6.46628E+02
 6.46710E+02
 6.46792E+02
 6.46873E+02
 6.46955E+02
 6.47037E+02
 6.47119E+02
 6.47201E+02
 6.47283E+02
 6.47365E+02
 6.47447E+02
 6.47529E+02
 6.47611E+02
 6.47692E+02
 6.47774E+02
 6.47856E+02
 6.47938E+02
 6.48020E+02
 6.48102E+02
 6.48184E+02
 6.48266E+02
 6.48347E+02
 6.48429E+02
 6.48511E+02
 6.48593E+02
 6.48675E+02
 6.48757E+02
 6.48839E+02
 6.48920E+02
 6.49002E+02
 6.49084E+02
 6.49166E+02
 6.49248E+02
 6.49330E+02
 6.49412E+02
 6.49493E+02
 6.49575E+02
 6.49657E+02
 6.49739E+02
 6.49821E+02
 6.49903E+02
 6.49984E+02
 6.50066E+02
 6.50148E+02
 6.50230E+02
 6.50312E+02
 6.50393E+02
 6.50475E+02
 6.50557E+02
 6.50639E+02
 6.50721E+02
 6.50802E+02
 6.50884E+02
 6.50966E+02
 6.51048E+02
 6.51130E+02
 6.51211E+02
 6.51293E+02
 6.51375E+02
 6.51457E+02
 6.51539E+02
 6.51620E+02
 6.51702E+02
 6.51784E+02
 6.51866E+02
 6.51947E+02
 6.52029E+02
 6.52111E+02
 6.52193E+02
 6.52275E+02
 6.52356E+02
 6.52438E+02
 6.52520E+02
 6.52602E+02
 6.52683E+02
 6.52765E+02
 6.52847E+02
 6.52929E+02
 6.53010E+02
 6.53092E+02
 6.53174E+02
 6.53255E+02
 6.53337E+02
 6.53419E+02
 6.53501E+02
 6.53582E+02
 6.53664E+02
 6.53746E+02
 6.53828E+02
 6.53909E+02
 6.53991E+02
 6.54073E+02
 6.54154E+02
 6.54236E+02
 6.54318E+02
 6.54399E+02
 6.54481E+02
 6.54563E+02
 6.54645E+02
 6.54726E+02
 6.54808E+02
 6.54890E+02
 6.54971E+02
 6.55053E+02
 6.55135E+02
 6.55216E+02
 6.55298E+02
 6.55380E+02
 6.55461E+02
 6.55543E+02
 6.55625E+02
 6.55706E+02
 6.55788E+02
 6.55870E+02
 6.55951E+02
 6.56033E+02
 6.56115E+02
 6.56196E+02
 6.56278E+02
 6.56360E+02
 6.56441E+02
 6.56523E+02
 6.56604E+02
 6.56686E+02
 6.56768E+02
 6.56849E+02
 6.56931E+02
 6.57013E+02
 6.57094E+02
 6.57176E+02
 6.57257E+02
 6.57339E+02
 6.57421E+02
 6.57502E+02
 6.57584E+02
 6.57666E+02
 6.57747E+02
 6.57829E+02
 6.57910E+02
 6.57992E+02
 6.58074E+02
 6.58155E+02
 6.58237E+02
 6.58318E+02
 6.58400E+02
 6.58481E+02
 6.58563E+02
 6.58645E+02
 6.58726E+02
 6.58808E+02
 6.58889E+02
 6.58971E+02
 6.59052E+02
 6.59134E+02
 6.59216E+02
 6.59297E+02
 6.59379E+02
 6.59460E+02
 6.59542E+02
 6.59623E+02
 6.59705E+02
 6.59786E+02
 6.59868E+02
 6.59950E+02
 6.60031E+02
 6.60113E+02
 6.60194E+02
 6.60276E+02
 6.60357E+02
 6.60439E+02
 6.60520E+02
 6.60602E+02
 6.60683E+02
 6.60765E+02
 6.60846E+02
 6.60928E+02
 6.61009E+02
 6.61091E+02
